223

8086
7770
8084
9900
8458
7773
7768
7767
8825
7119
8091
8087
8090
7771
9901
7778
8460
7775
8459
7766
7772
7615
7097
5851
7774
7096
5850
9247
8454
8373
7783
7779
6042
5849
6147
5852
5841
9883
7782
7776
7781
8374
8505
8411
8699
9246
7616
8455
7208
5597
7789
7780
5598
5808
7259
7777
8696
6685
6086
7682
8527
7788
8970
7802
7206
7204
9025
5810
5839
7702
7202
7786
5593
7553
5594
5360
7787
5326
8525
5596
8506
9499
8529
8528
7203
5322
5764
7201
7790
5328
5325
9026
5327
7552
8530
5605
9689
7792
7938
8532
5320
8526
5618
5329
5590
5330
9023
8932
8036
5592
5589
7692
7205
5765
5323
7860
5591
5296
9421
7354
5580
8044
5321
8531
7340
5318
5606
5301
7876
7440
5317
7207
7286
5587
7353
5364
7877
5365
5595
5900
5295
5631
5579
5353
5309
7332
7352
5357
7331
5899
5290
5308
5354
5535
7326
5324
5302
5585
5315
6659
7341
5575
5583
5314
5356
5586
5571
5572
7327
7797
5347
5288
5359
5348
7335
5352
6656
5349
7307
5316
5287
5355
5568
5313
5584
5293
7723
7306
5573
7336
5286
5378
5566
5565
5345
6928
5346
5312
7325
5285
5588
5331
5377
7337
8031
5284
5283
7226
5350
7339
5581
7305
5340
5562
5339
5351
5358
5289
5567
5292
9230
7309
5564

241

8376
8080
8448
7847
9516
6872
8079
7177
8162
9500
9598
8201
7403
7320
7524
7243
6192
9959
6194
7176
7239
8159
6873
7175
8157
8468
6876
6191
7240
8160
7171
7245
6195
7238
6193
7174
8158
6187
6880
8735
7237
6196
7244
8691
8156
7173
6186
7003
6202
8727
7008
7242
7236
8108
8164
7006
6198
6185
8733
7290
8149
8729
6189
7663
6197
8104
4106
8193
7007
9975
8106
8105
6233
7172
4103
8148
7179
8728
8152
8183
6200
7009
7865
8099
8428
6201
6184
6199
8109
4101
8150
8730
7010
6584
8151
6188
8154
7866
8107
8762
8102
3397
4092
7178
8088
8096
8089
9567
8163
8097
8100
3398
9743
6183
8161
8056
8101
5889
8098
8085
8055
8153
6132
6190
9484
6772
6657
3394
4091
2392
3393
4104
9028
8082
2394
8095
8276
8155
9119
8011
8057
8167
4102
8113
9404
8083
8112
4090
8524
4084
7449
8682
3475
2393
2017
8166
9086
3392
3990
3395
9985
2389
2011
6002
3920
8068
3389
7447
8048
3390
6673
6261
9782
3837
6260
8224
3907
3902
8047
4083
7122
3391
2391
3889
8713
2012
5982
7459
8066
2397
3893
2005
3888
2006
3374
3396
3895
3891
2051
3375
3901
3892
3894
4100
8054
7367
2010
3388
3372
2004
3386
7885
7198
3369
7677
3385
3383
2014
7700
3898
3887
3885
2016
7903
7902
3380
3890
8789
3896
3366
2008
3886
2007
3384
7995
8071
3897
8785
2009
2002
2003

257

6924
6926
8772
9849
6920
6925
7897
9838
9506
6918
6911
6923
9509
6860
6919
7894
9862
7895
6910
6917
9983
9144
9859
6913
6916
9504
9951
7889
9471
9798
9350
7867
6914
6922
9982
9507
9453
6858
7888
7892
9512
9503
9424
9875
9851
6921
9651
9874
5905
6859
8343
7716
6861
9795
6949
9452
8344
7396
9422
9502
7254
6855
7441
9423
7101
8341
9427
7535
7252
8046
7395
5904
7713
9428
9794
8342
8453
2523
6948
6868
9463
6857
6674
7718
6850
6851
9268
8340
7258
7639
2522
9543
5902
6852
2524
2521
9430
7255
6853
7257
7640
6867
9429
7638
9455
5901
9462
6863
7641
6847
6856
2526
7891
6854
2528
2519
9703
6865
9232
9661
3993
8337
9891
3942
9231
6151
7637
2520
6150
3992
2518
3950
6149
5903
2525
4342
6646
5991
4345
4338
4346
8492
2517
6864
9233
3597
8336
2527
9454
8351
4340
6026
2529
9456
4339
7404
3278
4344
6988
4337
4355
5753
2516
2533
4343
2493
3276
2515
8335
4336
8355
6020
4341
6477
3277
5974
9068
4313
8073
3596
8331
2534
7843
9467
3595
3599
3275
6263
2491
3598
4335
2512
4347
8038
9533
6019
2513
6476
3944
6018
6471
3253
2504
3251
5629
2507
4375
7868
5973
7849
2492
4376
6017
6470
9154
4127
7703
3544
3263
2487
3543
4290
4309
6014
3252
2488
4374
3248
4354
2482
3245
2490
8114
4291
4352
6016
3250
2494
6015
3258
8760
4288
6950
8512
2503
6474
2489
3246
2506
9255
2483
4265
4285
6946
2477
2497
3257

242

6766
9075
9526
6767
8008
8533
7400
9420
9687
6414
9419
6415
6404
6412
8456
8830
9074
6413
8007
6405
8009
7145
7143
9196
6419
5878
6402
9212
7858
7144
8826
9243
8191
8350
5876
6397
6408
7998
8828
6417
6406
6407
7139
7141
6396
8829
5874
6836
8833
6398
5873
7854
9245
6400
7853
6393
7855
6411
6410
9542
7140
6416
7382
7137
8827
8299
5733
6399
5877
9645
6394
8303
7852
7393
8298
4139
7142
7135
7138
7136
6395
2227
6386
6409
9642
6354
9722
6391
6390
6392
8384
9520
7531
8297
8296
6388
6976
7133
2225
8249
8386
8379
3098
8300
3095
3542
3550
6387
3548
2222
6401
7879
4138
5714
4137
9472
8293
2219
3826
9206
6403
9943
3345
8292
6244
3547
2218
3819
6235
8291
6389
8383
8295
3552
8393
8294
8385
9898
3093
6385
3111
6782
3222
3091
8369
3747
2220
7193
9784
3097
3745
3100
8288
6651
3092
9783
6242
2217
8290
6249
7100
8388
3102
3099
8286
3746
6239
8389
9890
8395
3342
9083
3096
3744
3094
2216
8287
3090
8387
8025
8392
2974
8289
2212
2214
8390
2070
2979
2975
2954
9995
9371
8282
6237
6241
2953
9529
8302
2976
8391
9996
3280
3553
9593
2213
8396
2069
8394
9592
2215
2977
9486
9991
9341
2970
2987
2074
8284
4012
2973
8285
5983
8845
2075
2955
2067
3318
8308
8281
2952
2949
3131
2068
2210
2209
2950
8310
8834
8278
3295
3226
8279

259

7067
7062
7056
7070
7084
7390
7057
7077
7069
8812
7053
7071
7081
7079
9016
7060
7039
7046
7040
7055
7042
7059
9785
9017
8948
7072
9194
7035
7082
7075
7054
7078
9562
7034
7064
7073
9088
7061
8947
9528
7085
9717
7036
7033
7058
9564
9873
7074
7068
7049
7076
7090
9791
7089
7063
9676
7037
9185
9675
7694
7066
7080
7032
8800
7083
9460
7031
7155
7563
7695
7558
7087
9887
7878
7088
9677
7050
7564
9461
9653
7030
9681
8773
7052
8802
9654
7187
9792
7920
7559
7562
9679
7560
8775
7593
9800
7029
8067
7561
9757
9750
7038
9558
7530
7041
9678
9751
9753
10001
8774
9989
7044
7696
9966
9572
9749
9726
7051
7565
9140
7578
7697
7577
9340
9141
9021
7028
7566
9950
9799
8339
8777
7043
9127
7027
9778
9727
7575
9885
7689
7086
9777
7567
8338
8778
9384
9018
9738
7576
9137
9899
7025
9813
8715
9126
7579
9527
7045
7047
9011
8717
7571
7569
7568
7570
9019
7912
7095
9886
9561
7026
9892
7023
8780
9876
7803
9102
7024
9338
8993
8718
8716
7021
7048
9097
9337
7581
7573
8994
8779
7583
7992
7572
7801
9010
9101
6758
9098
9335
6760
8720
9884
8721
7399
7022
8933
7942
9560
7200
8995
7941
6750
7574
8971
6759
6751
7587
6755
8722
9100
7210
7588
8976
8246
6761
7582
6763
6732
6756
7580
6762
8719
7585
8237
6749
8245
8723
9334
9707
6728
9336
9333
8822
6754
8244
7586
6752
7838
6730
6753
9719
9298
7584
6765
9253
8765
9680
8232
8248

