286

10557
9584
8083
10561
8777
9587
8785
8805
8806
8783
8080
8086
8778
8804
8776
8813
8784
8802
8081
8780
10564
10558
8211
8779
9575
4883
4440
8803
8809
9702
10645
8782
8214
8812
9576
10586
5133
8210
8807
5092
10585
10646
5091
10578
10559
8811
9577
8810
10584
8781
4436
9453
10563
5090
4437
10560
10562
6944
9757
10579
10647
10583
10587
10650
5089
4441
10580
9580
9449
9838
10582
10648
9973
10581
4435
9733
10589
4438
10588
5087
4933
9462
9581
5088
9579
9450
10649
9578
5159
3886
9696
9452
3819
4519
3803
8991
3802
4932
10642
9451
9583
9921
4927
9762
9456
10643
3794
10574
9460
5140
3816
9582
5086
8990
10591
10590
10573
9982
10568
9595
3801
3799
3817
3792
3793
9920
9871
5094
5093
10651
9454
4928
10652
9586
9458
10577
9461
10569
7409
9870
8992
3800
3796
10567
3813
3887
3820
10644
3814
9459
9589
9585
9455
4931
9457
5097
9952
3791
9863
9465
3808
9954
9941
9464
9756
3795
5098
10576
9590
3818
9588
5123
3797
9824
3811
7025
9463
10566
3810
9591
3806
9789
5095
10570
9788
10638
6956
7568
10636
9596
3798
5099
10571
10572
10565
3790
7423
9791
9594
5122
3809
9592
9794
10637
6659
9827
9922
9285
6954
4648
9787
3789
8926
5096
3784
3805
9790
4081
9593
9785
4644
9792
8928
10641
4894
10592
10575
10593
3812
10596
9793
8068
10594
8487
3804
4896
10595
10639
3763
7165
6952
10640
7176
10597
7173
7175
4451
4201
3766
10604
8929
3815
7464
7164
7169
9598
5121
4892
7171
3773
3782
3764
9488
10603
9869
3783
4895
7174
3761
7166
3868
3765
3762
9902
6931
7177
7362
8186
10607
9496
10598
9891
7168
3772
3758
10602

298

10427
10432
7060
8176
10437
10423
10436
8244
10424
10433
10418
10420
10414
10435
10434
10415
10426
10546
7059
10460
10419
8170
7697
7057
8185
10545
10430
10422
7053
8184
10458
7050
10410
7056
10459
8925
7422
10428
7054
7055
10421
10413
10429
10425
10457
8010
7061
7047
8938
8930
7058
10411
10538
8931
10542
7329
10416
8011
10455
8307
10536
9754
7790
7048
8933
10534
10456
7462
10450
7463
7184
10452
9848
7183
10535
10417
4809
8932
7049
10533
10543
10409
10451
10441
10454
10537
4547
8935
10453
4806
8934
3311
7041
10412
5073
10532
7052
4804
4805
4807
8941
9322
10447
10408
4810
7042
10541
4372
10462
7051
4813
9901
8936
10449
10544
5072
5392
10465
4546
7043
9693
6725
7021
7045
10438
10448
7702
10461
5391
10466
8937
10540
4750
4802
4371
10444
3310
7040
8939
4808
10523
5347
10443
5349
10439
9281
8042
10463
10522
10539
7044
10524
4800
9799
10525
9688
3307
9567
10445
3312
9516
10446
4798
10464
9244
4811
8043
10526
3313
5350
10440
7063
4517
4514
4515
3308
5348
4337
9528
3306
4338
10442
9814
5346
4255
8940
10521
4801
10487
10519
4340
3596
9243
5345
10486
9851
9761
4803
9860
10517
9677
10485
3309
10518
10520
3019
3893
9760
4796
3305
9861
4792
4339
5351
7430
4794
10481
3597
5369
10491
3892
3301
9743
3894
10480
5342
10547
5358
3891
3302
4495
9539
10479
7242
5343
4499
10488
3015
10483
10492
4893
10548
4870
10506
4793
3890
6695
3012
4536
4496
3033
10527
5357
3008
10496
3049
10530
7306
4795
5344
3031
10490
5355
6697
10495
2797
3889
7786
7346
10551
4498
9263
3013
4501
3010
10489
10552
10484
10553
3014
2801
4797
4497
10494
2796
10493
10549
10550
4503
2802
3007
5244
3009
10482
4500
10473
4502
10512

307

10329
8721
9074
9839
10330
7814
7815
10331
8625
10324
8751
7816
10398
8619
10321
10332
10325
10326
7811
10333
8290
8624
7812
10323
10334
10319
10327
10337
10322
8300
7817
10336
10368
10328
9865
10320
7813
8622
9960
10397
10340
10335
9303
9691
8618
8621
8629
8628
7757
10367
9925
9695
7759
8286
10399
10341
7769
7768
9474
8623
9864
8283
9289
8626
8873
7773
9392
9389
8627
7233
9288
7231
9491
7235
8905
9102
7758
8620
9943
7760
9489
7761
7228
9391
7765
7772
9931
10361
10362
7232
10338
7770
10339
7234
9393
9105
9406
9490
9493
7226
7764
7227
9394
10359
7229
10360
8904
7780
9390
7225
10385
8295
10357
8291
9501
9395
9930
7781
9514
9661
9013
7771
10358
8292
9384
8906
7766
7762
7763
9388
9380
8294
9271
7224
9985
9401
10383
9018
9404
7836
8297
10363
9377
10356
9958
9387
9011
9385
4864
9397
8296
9386
10384
8293
10365
10403
7223
10364
9378
9017
7837
10366
7767
9371
7779
8305
10401
9379
9564
7774
9009
9399
7222
4858
8574
9373
10381
9367
9007
7221
9014
9010
9012
7778
9375
8169
10402
7777
7775
9383
9374
9566
4863
10386
9006
10400
9676
10382
4857
9366
8005
9008
9369
9003
9372
10372
7835
9015
9812
4825
9984
10379
9004
9381
4848
4862
9370
10378
9721
10374
10380
9376
9362
9129
4861
9368
9565
10369
4872
4824
9001
9363
10389
10373
9382
9128
7776
10349
10392
10351
10391
9365
9811
9553
10350
10388
9364
10387
10375
4823
10348
10394
10370
7230
4856
4818
4846
9084
9357
9002
4821
10376
9005
4849
9342
10371
10352
10354
9126
10377
9343
9360
9016
4860
4842
10347
9346
10395
8691
4817
10404
4859
10344
9354
3336
3334
10355
10390
9341
9344
4847
9347
10393
4820
10406
9353
9355
4916
10396
9333
10345
9345
4816
10342
4850
9348
9242

292

10299
8036
9832
9097
9972
8037
8218
9023
10204
9030
8035
9957
9951
9831
10186
9025
8034
9029
9021
9024
8029
9032
10199
9022
9033
10202
6869
8478
10205
9020
9031
9026
10196
9144
10298
9027
9028
8477
8278
10203
8898
8903
10187
10201
10188
6867
9924
8967
8902
10208
10195
10212
8966
10318
10198
10317
10213
8899
8964
10313
9781
6872
10189
7833
8965
7940
6870
8356
8600
8476
7695
10191
10192
8031
10211
6871
6809
8599
6796
6866
7696
10200
9807
9895
4666
10314
9283
6868
10190
7703
8968
10206
8475
10197
6873
6799
8473
6801
4275
10210
8270
10207
10315
4634
10312
4276
10193
7705
7693
10209
10194
6797
8474
10311
6815
10316
7611
8271
6803
9745
6798
8471
7694
7914
6802
8951
6863
6864
4274
8470
10221
8472
6884
6804
10252
4273
6795
9949
7657
9685
6807
8952
7916
6805
4270
10215
6880
7913
4269
6877
6800
10251
8469
6791
6878
10220
8090
6808
9849
10214
7912
7655
6883
4271
8693
7645
6882
10283
10253
7910
6813
10281
10250
7648
4267
10248
10218
10286
6814
6806
3445
8089
7908
7637
10219
10282
6812
10247
10249
4268
6792
4272
6879
7650
10217
7646
7666
10285
10254
7911
6881
7638
6788
8468
10216
6793
10246
7639
8253
7322
10284
7633
6786
10257
7649
7622
7634
10287
6789
7652
7635
7641
3704
6775
10245
10244
6810
10258
6772
7651
3448
7621
4180
6811
3703
7640
8241
10289
3444
7631
7653
10260
4341
6773
7623
10256
7632
7636
6893
7619
6790
10261
10288
6794
10239
7617
3457
3447
6885
7642
7644
7630
10236
6771
10255
3456
7626
10233
7643
10242
8676
10227
10223
7654
3441
8677
10290
7618
3443
10222
10232
9736
6891
7624
7628
10243
10308
6787
10263
3440
10291
10234

320

9195
9282
9193
9196
9188
9214
9190
9197
9201
9906
9429
9198
8148
9199
9189
9187
9217
8145
9216
8764
9184
9867
9186
9191
9813
9854
8149
8172
9208
8763
9205
9202
9468
8174
9410
9218
10099
10100
10116
10105
10097
9219
9213
10112
8175
8734
10111
9207
9182
10098
9536
10104
8134
8144
10108
10101
8165
10102
9747
9185
8152
9857
9206
9212
8150
9945
10106
8146
8126
10107
8167
8168
9211
9180
8130
10109
10000
10103
8154
8164
9209
10115
9210
9183
9181
8138
10110
10062
9971
9953
9981
10061
10001
10114
8127
8133
9203
9969
9855
9795
9512
8129
9967
10113
10025
9204
10059
8398
8162
9215
8131
9726
8124
10017
9859
9970
10096
9786
10018
9999
10142
9200
8166
9329
9858
10057
10026
9194
10094
8457
9325
10091
8132
9178
9968
10117
9744
8159
10002
10019
10090
9324
10093
9179
8125
9806
8161
10140
8453
10058
8147
9808
9323
8123
10012
10092
9328
10126
10023
10118
10122
10089
10124
9995
10021
10139
9803
10119
10120
8136
9748
9809
9327
10011
10008
10121
10003
9997
10088
10010
10127
9996
10060
9805
10143
8121
9746
8135
9998
8143
10129
7148
9963
10145
10020
9950
10123
10128
8120
9804
8455
10014
10024
8087
9928
9766
10009
10022
8737
10004
7072
8139
10027
10005
10144
10073
10013
10095
8458
10141
10125
10086
8137
8454
10072
10016
9774
10015
8116
7070
9878
10071
8119
10087
10074
9764
10006
9177
8456
8140
10084
10075
8736
8203
8142
8735
10028
10085
10031
7069
8122
8115
10030
9877
9729
8117
10076
10079
9927
8151
9862
9492
9874
10029
9992
10007
8076
9825
8141
10135
9986
9991
9876
9823
10138
8787
9660
10080
9873
10077
10136
7071
8847
9987
9427
8188
7460
10070
9537
10134
10078
9875
10130
9740
7784
9424
9638
10069
9993
10035
8379
9426
9480
8109
9994
10083
7064
9326
9739
9923
10068
10149
10133
9883
9989
8378
9479
9698
10034
9637

